662 360
805 677
855 379
230 969
959 976
92 579
881 492
934 650
8 106
654 385
21 793
566 11
394 156
392 921
797 778
104 903
870 706
238 69
188 848
408 948
677 931
249 587
638 74
118 194
346 375
844 885
474 925
826 640
190 823
33 164
213 325
777 390
998 634
957 503
264 670
457 612
904 691
618 837
265 489
909 462
154 106
563 44
758 464
941 383
911 116
765 647
226 8
140 273
823 661
968 83
762 339
971 340
304 761
573 550
878 148
572 25
259 624
373 115
236 537
934 697
62 159
873 812
393 374
380 109
41 774
812 304
13  750
873 802
674 509
928 345
371 219
38 13
715 145
62 4
556 972
230 278
573 680
675 541
980 247
91 614
541 89
980 710
485 401
680 390
430 861
494 660
825 798
463 649
102 622
332 541
188 805
992 955
754 985
203 172
497 310
490 341
214 893
134 150
934 178
835 622
861 414
442 612
874 678
246 407
320 42
681 159
336 519
715 974
967 149
120 717
132 295
382 905
539 810
400 483
618 570
786 736
287 557
168 268
750 108
934 974
692 505
242 753
529 854
267 253
137 376
955 187
258 866
15 437
506 703
10 310
730 256
126 71
129 910
309 518
247 855
54 322
907 232
407 35
546 582
129 257
235 805
338 55
814 897
793 831
871 147
701 324
710 142
330 746
2 558
426 257
184 408
285 396
333 24
489 380
583 605
908 711
561 137
559 275
576 901
893 638
671 908
611 882
722 311
514 840
39 651
265 34
271 933
329 627
787 24
256 999
115 177
513 685
695 947
666 172
457 343
156 914
295 163
76 199
824 513
841 88
317 893
122 582
138 709
221 884
757 338
403 481
865 337
927 152
155 70
822 609
200 491
64 625
203 908
746 825
627 361
282 255
282 122
216 91
617 969
657 15
858 796
66 984
104 152
265 37
804 20
405 397
414 200
545 147
549 465
313 71
123 850
12 629
259 577
945 124
922 663
784 896
934 856
394 46
622 81
764 538
705 803
751 938
808 473
166 430
428 829
656 153
131 821
781 698
990 301
857 876
32 644
397 358
861 31
325 453
827 793
876 915
270 537
914 302
597 813
261 95
931 839
414 822
43 234
65 11
424 907
289 998
954 832
100 268
159 815
893 568
86 325
355 132
630 677
314 715
554 520
490 410
513 454
662 267
424 650
696 241
423 344
458 652
728 614
70 663
9 192
86 845
20 249
519 189
924 680
600 906
512 466
5  741
561 661
295 103
710 980
442 432
421 64
752 498
431 434
273 869
130 316
712 503
524 239
233 559
727 222
884 731
499 312
94 349
231 981
584 969
41 64
637 114
601 889
205 367
213 42
353 870
721 422
478 921
947 665
956 744
883 792
978 368
212 381
780 283
416 748
701 797
945 353
286 475
839 763
940 649
101 376
869 475
913 383
155 474
250 471